16
2
11
13
3
4
3
3
6
25
12
24
4
3
6
12
1
43
1
6
1
1
0
16
1
11
13
1
0
16
11
1
27
25
11
5
1
14
24
13
16
9
16
3
6
10
5
1
1
18
7
0
9
16
11
29
1
5
6
14
8
1
3
17
15
6
6
5
30
13
0
6
1
1
5
62
7
9
2
32
5
10
41
3
1
16
3
23
14
2
11
60
1
5
9
0
1
9
6
2
20
8
12
17
20
2
16
13
2
15
13
2
6
11
30
8
13
3
78
9
4
9
1
63
5
7
44
0
17
15
7
26
17
1
4
25
12
12
1
12
10
2
10
4
1
4
4
10
1
1
4
23
3
12
17
7
9
13
17
1
30
0
33
5
1
7
2
1
15
8
12
48
0
23
10
3
24
3
12
33
27
0
26
3
26
12
17
12
5
2
1
9
11
29
22
39
29
3
1
22
12
127
2
73
4
7
19
32
29
8
1
25
16
5
16
26
43
25
68
4
9
9
5
1
18
1
17
7
6
3
8
16
8
2
5
4
12
2
49
2
6
2
1
1
0
19
5
17
48
7
31
1
1
4
12
26
1
28
3
19
5
13
14
12
43
22
15
7
11
1
25
2
2
28
68
45
29
8
8
0
