         1   97.196    1.02     1.2     176    7.71  -108.90  -78.28
         1   97.215    1.06     2.5     190    7.70  -113.98  -81.10
         1   97.233    1.10     1.9     214    7.70  -117.33  -82.96
         1   97.251    1.14     2.5     225    7.71  -119.88  -84.38
         1   97.270    1.18     2.5     219    7.70  -121.72  -85.40
         1   97.288    1.22     1.7     203    7.70  -122.37  -85.76
         1   97.306    1.26     5.1     205    7.72  -119.18  -83.99
         1   97.325    1.30     7.3     214    7.70  -102.97  -74.99
         1   97.343    1.34     4.8     240    7.62   -74.09  -58.94
         1   97.361    1.38     5.2     225    7.60   -63.19  -52.89
         1   97.380    1.42     8.4     203    7.62   -56.09  -48.94
         1   97.398    1.46    10.0     193    7.62   -37.02  -38.35
         1   97.416    1.50    10.5     177    7.64   -29.66  -34.26
         1   97.435    1.54     7.6     171    7.62   -28.50  -33.61
         1   97.453    1.58     2.9     261    7.53   -22.43  -30.24
         1   97.471    1.62     3.8     311    7.51   -17.96  -27.76
         1   97.490    1.66     1.6      23    7.53   -20.38  -29.10
         1   97.508    1.70     3.9      97    7.53   -33.48  -36.38
         1   97.526    1.74     4.4     101    7.51   -57.18  -49.54
         1   97.545    1.78     3.4      95    7.53   -76.00  -60.00
         1   97.563    1.82     3.2      94    7.62   -81.18  -62.88
         1   97.581    1.86     4.2     110    7.62   -91.63  -68.68
         1   97.600    1.90     3.3     105    7.61   -92.54  -69.19
         1   97.618    1.94     1.5     172    7.64   -99.35  -72.97
         1   97.636    1.98     0.5     251    7.70  -102.21  -74.56
         1   97.655    2.02     1.6     177    7.71  -108.63  -78.13
         1   97.673    2.06     2.7     189    7.70  -113.40  -80.78
         1   97.691    2.10     3.7     216    7.70  -115.68  -82.05
         1   97.710    2.14     3.7     216    7.73  -117.45  -83.03
         1   97.728    2.18     2.5     202    7.70  -120.22  -84.57
         1   97.746    2.22     1.3     191    7.62  -122.50  -85.84
         1   97.765    2.26     3.6     204    7.64  -115.56  -81.98
         1   97.783    2.30     7.1     213    7.68  -101.73  -74.29
         1   97.801    2.34     8.7     224    7.62   -85.92  -65.51
         1   97.820    2.38     8.3     232    7.60   -69.59  -56.44
         1   97.838    2.42     6.1     220    7.62   -53.33  -47.41
         1   97.856    2.46     6.7     164    7.62   -39.51  -39.73
         1   97.875    2.50    10.0     146    7.58   -34.15  -36.75
         1   97.893    2.54     7.7     150    7.53   -31.16  -35.09
         1   97.911    2.58     3.5     253    7.53   -23.74  -30.96
         1   97.930    2.62     5.3     278    7.56   -16.35  -26.86
         1   97.948    2.66     2.3     254    7.53   -17.00  -27.22
         1   97.966    2.70     2.2     122    7.45   -33.88  -36.60
         1   97.985    2.74     4.0      79    7.45   -61.03  -51.68
         1   98.003    2.78     3.8      86    7.51   -62.28  -52.38
         1   98.021    2.82     3.3      93    7.57   -74.92  -59.40
         1   98.040    2.86     3.0     101    7.62   -91.43  -68.57
         1   98.058    2.90     3.2     124    7.62   -94.91  -70.51
         1   98.077    2.94     3.0     163    7.62   -98.46  -72.48
         1   98.095    2.98     1.1     219    7.70  -107.26  -77.37
         1   98.113    3.02     1.9     185    7.70  -110.89  -79.38
         1   98.132    3.06     2.4     184    7.70  -113.99  -81.11
         1   98.150    3.10     2.5     202    7.70  -116.52  -82.51
         1   98.168    3.14     3.2     202    7.66  -119.52  -84.18
         1   98.187    3.18     3.0     194    7.62  -121.68  -85.38
         1   98.205    3.22     2.0     185    7.62  -121.67  -85.37
         1   98.223    3.26     5.4     200    7.64  -118.72  -83.73
         1   98.242    3.30     7.9     210    7.65  -104.03  -75.57
         1   98.260    3.34     5.1     241    7.62   -75.52  -59.73
         1   98.278    3.38     5.3     265    7.56   -57.82  -49.90
         1   98.297    3.42     4.0     234    7.53   -48.87  -44.93
         1   98.315    3.46     6.6     158    7.53   -40.78  -40.43
         1   98.333    3.50     7.4     165    7.53   -36.20  -37.89
         1   98.352    3.54     4.8     186    7.53   -33.19  -36.22
         1   98.370    3.58     1.7     108    7.53   -28.09  -33.39
         1   98.389    3.62     3.7      68    7.51   -20.22  -29.01
         1   98.407    3.66     4.2      73    7.48   -18.43  -28.02
         1   98.425    3.70     4.0      82    7.45   -33.95  -36.64
         1   98.444    3.74     4.0      84    7.45   -61.45  -51.92
         1   98.462    3.78     3.9      82    7.48   -62.48  -52.49
         1   98.480    3.82     3.4      88    7.53   -83.20  -64.00
         1   98.499    3.86     2.2     117    7.59   -94.91  -70.51
         1   98.517    3.90     1.6     162    7.62   -97.30  -71.83
         1   98.536    3.94     0.8     189    7.62  -101.64  -74.24
         1   98.554    3.98     1.6     207    7.70  -107.28  -77.38
         1   98.572    4.02     0.3     102    7.70  -111.87  -79.93
         1   98.591    4.06     1.3     196    7.70  -114.75  -81.53
         1   98.609    4.10     5.8     209    7.70  -115.59  -81.99
         1   98.627    4.14     4.6     215    7.66  -117.91  -83.28
         1   98.646    4.18     1.6     225    7.62  -120.78  -84.88
         1   98.664    4.22     1.9     199    7.62  -121.85  -85.47
         1   98.683    4.26     2.6     190    7.62  -117.96  -83.31
         1   98.701    4.30     4.0     210    7.62  -102.65  -74.81
         1   98.719    4.34     7.7     227    7.62   -76.31  -60.17
         1   98.738    4.38     8.5     230    7.61   -61.32  -51.85
         1   98.756    4.42     6.5     222    7.58   -52.14  -46.75
         1   98.774    4.46     4.6     198    7.53   -40.21  -40.12
         1   98.793    4.50     3.1     192    7.52   -35.46  -37.48
         1   98.811    4.54     2.5     198    7.53   -33.75  -36.53
         1   98.829    4.58     3.6     181    7.53   -27.87  -33.26
         1   98.848    4.62     4.6     169    7.45   -19.55  -28.64
         1   98.866    4.66     4.6     158    7.45   -17.96  -27.76
         1   98.884    4.70     3.5     131    7.45   -33.63  -36.46
         1   98.903    4.74     3.3      79    7.45   -60.74  -51.52
         1   98.921    4.78     3.3      81    7.47   -61.34  -51.86
         1   98.940    4.82     3.9      93    7.53   -81.83  -63.24
         1   98.958    4.86     3.5     105    7.62   -91.38  -68.54
         1   98.976    4.90     2.5     117    7.66   -96.30  -71.28
         1   98.995    4.94     1.4     139    7.65  -101.48  -74.16
         1   99.013    4.98     0.9     213    7.62  -106.79  -77.11
         1   99.032    5.02     1.7     217    7.70  -108.81  -78.23
         1   99.050    5.06     4.2     184    7.62  -110.55  -79.20
         1   99.068    5.10     3.8     229    7.62  -114.91  -81.62
         1   99.087    5.14     3.3     233    7.63  -118.28  -83.49
         1   99.105    5.18     2.5     203    7.62  -120.38  -84.66
         1   99.124    5.22     2.4     203    7.62  -120.66  -84.81
         1   99.142    5.26     4.4     207    7.62  -114.08  -81.16
         1   99.160    5.30     6.9     212    7.62  -101.49  -74.16
         1   99.179    5.34     8.3     221    7.62   -85.46  -65.26
         1   99.197    5.38     8.6     227    7.62   -68.15  -55.64
         1   99.215    5.42     7.9     216    7.53   -51.63  -46.46
         1   99.234    5.46     8.1     187    7.53   -38.48  -39.15
         1   99.252    5.50     7.2     188    7.53   -31.75  -35.41
         1   99.271    5.54     5.2     182    7.53   -28.24  -33.47
         1   99.289    5.58     7.0     128    7.53   -23.58  -30.88
         1   99.307    5.62     7.9     111    7.45   -17.31  -27.39
         1   99.326    5.66     5.8      99    7.45   -17.22  -27.35
         1   99.344    5.70     4.0      84    7.45   -33.09  -36.16
         1   99.363    5.74     4.3      81    7.45   -59.48  -50.82
         1   99.381    5.78     4.0      80    7.49   -61.26  -51.81
         1   99.399    5.82     3.7      84    7.53   -81.98  -63.32
         1   99.418    5.86     3.6     105    7.53   -91.87  -68.82
         1   99.436    5.90     2.5     126    7.57   -95.85  -71.03
         1   99.454    5.94     1.5     169    7.62   -99.82  -73.24
         1   99.473    5.98     1.8     192    7.67  -105.16  -76.20
         1   99.491    6.02     2.4     189    7.70  -111.40  -79.66
         1   99.510    6.06     2.9     190    7.62  -113.12  -80.62
         1   99.528    6.10     2.3     191    7.58  -115.20  -81.78
         1   99.547    6.14     1.2     195    7.58  -117.55  -83.08
         1   99.565    6.18     0.6     210    7.60  -119.93  -84.41
         1   99.583    6.22     1.2     207    7.62  -122.15  -85.64
         1   99.602    6.26     3.3     202    7.62  -121.02  -85.01
         1   99.620    6.30     4.7     213    7.62  -101.51  -74.17
         1   99.639    6.34     4.8     240    7.62   -67.75  -55.42
         1   99.657    6.38     5.9     229    7.59   -71.13  -57.29
         1   99.675    6.42     8.1     207    7.56   -53.76  -47.65
         1   99.694    6.46     6.4     199    7.53   -38.87  -39.37
         1   99.712    6.50     6.1     175    7.53   -32.38  -35.77
         1   99.730    6.54     6.2     158    7.53   -29.33  -34.07
         1   99.749    6.58     3.6     148    7.53   -25.27  -31.82
         1   99.767    6.62     2.4     153    7.49   -18.48  -28.04
         1   99.786    6.66     2.6     161    7.45   -17.49  -27.50
         1   99.804    6.70     2.6     135    7.45   -33.45  -36.36
         1   99.823    6.74     3.7      85    7.45   -60.96  -51.64
         1   99.841    6.78     3.9      86    7.49   -62.11  -52.29
         1   99.859    6.82     3.5      93    7.53   -83.28  -64.05
         1   99.878    6.86     3.6     105    7.53   -91.94  -68.85
         1   99.896    6.90     2.1     122    7.57   -96.79  -71.55
         1   99.915    6.94     0.7     192    7.62  -101.59  -74.22
         1   99.933    6.98     0.6     251    7.62  -104.66  -75.92
         1   99.951    7.02     1.3     194    7.62  -110.57  -79.21
         1   99.970    7.06     2.1     188    7.62  -115.20  -81.78
         1   99.988    7.10     2.7     194    7.62  -117.25  -82.92
         1  100.007    7.14     2.8     208    7.62  -117.74  -83.19
         1  100.025    7.18     2.1     213    7.62  -122.00  -85.56
         1  100.043    7.22     1.7     194    7.62  -122.04  -85.58
         1  100.062    7.26     2.8     199    7.62  -117.71  -83.17
         1  100.080    7.30     4.1     215    7.62  -102.52  -74.74
         1  100.099    7.34     4.8     227    7.62   -75.51  -59.73
         1  100.117    7.38     5.8     206    7.58   -59.40  -50.78
         1  100.136    7.42     7.1     190    7.53   -50.59  -45.89
         1  100.154    7.46     6.7     189    7.53   -40.90  -40.50
         1  100.172    7.50     6.8     177    7.53   -35.27  -37.37
         1  100.191    7.54     6.5     161    7.53   -31.42  -35.23
         1  100.209    7.58     4.8     139    7.47   -25.15  -31.75
         1  100.228    7.62     5.2     131    7.45   -17.40  -27.45
         1  100.246    7.66     6.1     133    7.45   -16.73  -27.07
         1  100.264    7.70     5.5     125    7.45   -33.37  -36.32
         1  100.283    7.74     4.1      87    7.45   -61.34  -51.85
         1  100.301    7.78     3.6      83    7.49   -62.83  -52.68
         1  100.320    7.82     3.7      92    7.53   -84.04  -64.47
         1  100.338    7.86     2.6     118    7.53   -93.12  -69.51
         1  100.357    7.90     1.5     152    7.57   -98.74  -72.63
         1  100.375    7.94     0.9     210    7.62  -102.98  -74.99
         1  100.393    7.98     1.3     251    7.62  -103.00  -75.00
         1  100.412    8.02     2.0     208    7.62  -108.89  -78.27
         1  100.430    8.06     2.5     197    7.62  -114.28  -81.27
         1  100.449    8.10     2.1     198    7.62  -118.54  -83.64
         1  100.467    8.14     1.5     205    7.62  -120.54  -84.74
         1  100.485    8.18     1.6     208    7.62  -120.36  -84.64
         1  100.504    8.22     2.3     212    7.62  -120.94  -84.97
         1  100.522    8.26     2.9     203    7.62  -116.69  -82.61
         1  100.541    8.30     4.8     215    7.62  -101.58  -74.21
         1  100.559    8.34     8.9     229    7.62   -76.78  -60.44
         1  100.578    8.38    10.1     227    7.58   -62.09  -52.27
         1  100.596    8.42     8.5     210    7.53   -51.33  -46.29
         1  100.615    8.46     7.6     176    7.53   -36.23  -37.90
         1  100.633    8.50     7.0     199    7.51   -28.03  -33.35
         1  100.651    8.54     5.1     157    7.48   -25.55  -31.97
         1  100.670    8.58     3.0     140    7.45   -22.99  -30.55
         1  100.688    8.62     3.5      92    7.45   -17.37  -27.43
         1  100.707    8.66     5.6      77    7.45   -17.03  -27.24
         1  100.725    8.70     5.9      78    7.45   -33.14  -36.19
         1  100.744    8.74     4.0      88    7.45   -60.40  -51.34
         1  100.762    8.78     4.4      89    7.43   -61.02  -51.68
         1  100.780    8.82     3.5     106    7.45   -82.24  -63.47
         1  100.799    8.86     2.5     128    7.53   -92.68  -69.26
         1  100.817    8.90     1.0     141    7.57   -94.74  -70.41
         1  100.836    8.94     0.5     250    7.58   -98.16  -72.31
         1  100.854    8.98     1.7     231    7.62  -107.59  -77.55
         1  100.873    9.02     0.7     183    7.62  -111.20  -79.55
         1  100.891    9.06     1.7     196    7.62  -113.52  -80.85
         1  100.909    9.10     5.1     215    7.62  -114.53  -81.40
         1  100.928    9.14     5.8     215    7.58  -117.63  -83.13
         1  100.946    9.18     4.0     210    7.54  -121.41  -85.23
         1  100.965    9.22     1.8     196    7.53  -122.92  -86.07
         1  100.983    9.26     2.1     206    7.58  -118.29  -83.49
         1  101.002    9.30     6.4     215    7.60  -101.37  -74.10
         1  101.020    9.34     5.9     229    7.53   -76.09  -60.05
         1  101.039    9.38     8.1     229    7.52   -60.82  -51.57
         1  101.057    9.42     9.2     214    7.53   -50.65  -45.91
         1  101.075    9.46     7.1     174    7.53   -38.33  -39.07
         1  101.094    9.50     6.9     163    7.49   -32.11  -35.62
         1  101.112    9.54     5.1     169    7.45   -30.00  -34.45
         1  101.131    9.58     2.7     118    7.45   -26.54  -32.52
         1  101.149    9.62     4.0      85    7.45   -19.74  -28.75
         1  101.168    9.66     4.8      89    7.45   -18.42  -28.01
         1  101.186    9.70     4.7      94    7.36   -33.98  -36.65
         1  101.205    9.74     3.8      87    7.36   -61.27  -51.82
         1  101.223    9.78     3.9      88    7.39   -62.19  -52.33
         1  101.241    9.82     3.7     100    7.45   -83.03  -63.91
         1  101.260    9.86     2.8     136    7.53   -92.51  -69.17
         1  101.278    9.90     1.7     158    7.54   -96.52  -71.40
         1  101.297    9.94     0.8     191    7.53  -101.22  -74.01
         1  101.315    9.98     1.4     221    7.62  -107.56  -77.54
         1  101.334   10.02     3.5     192    7.63  -110.28  -79.05