# data from pages 7, 8, and 9 of Bowditch, 1807
# http://www.jstor.org/stable/25057874
# Special thanks to Z. Y.
#
# colums are the coefficients for the variables listed below
# (aside from the first and last columns)
#
# equation number, d, t, p, n, i, constant
1,  -315,    2,  129,  239, -234,   38
2,  -317,   -1,  138,  242, -248,  -88
3,  -319,   -4,  145,  244, -262,  -98
4,  -323,   -8,  151,  246, -279,  -84
5,  -330,    2,  198,  249, -412,   21
6,  -329,   14,  207,  246, -448,  -75
7,  -327,   17,  208,  242, -467,   16
8,  -324,   26,  212,  240, -485, -164
9,  -321,   31,  213,  235, -505, -116
10, -318,   40,  215,  231, -526,  -71
11, -314,   48,  215,  225, -547,   86
12, -308,   57,  214,  218, -567, -278
13, -304,   67,  213,  211, -589, -158
14, -199,  202,  157,  108, -789, -413
15, -140,  262,  119,   59, -851,  385
16, -122,  280,   99,   37, -876,  120
17,  -95,  305,   81,   16, -895, -304
18,  -14,  378,   12,  -55, -955, 1081
19,   47,  429,  -40, -105, -987,  775
20,  187,  533, -165, -217,-1033,  263
21,  267,  588, -240, -280,-1045,  164
22,  306,  613, -282, -314,-1048,  757
23,  509,  726, -483, -464,-1020, 2014
24,  542,  742, -520, -489,-1007,  238
25,  582,  761, -562, -517, -992,  614
26,  690,  804, -676, -587, -929,   47
27,  724,  813, -713, -609, -905, 1628
28,  944,  789,-1006, -716, -496,   69
29,  226,  957, -336, -214,   43, -180
30,  237,  950, -337, -212,   41, -235
31,  247,  945, -339, -211,   39, -301
32,  258,  933, -341, -209,   38, -143
33,  333,  865, -361, -208,   28, -262
34,  349,  849, -267, -210,   27, -197
35,  359,  839, -372, -211,   27, -386
36,  366,  831, -374, -212,   27, -180
37,  375,  824, -378, -213,   28,  -98
38,  383,  814, -382, -215,   29, -127
39,  390,  804, -386, -217,   28,  -92
40,  397,  794, -391, -220,   31,   74
41,  403,  784, -395, -223,   32, -108
42,  463,  702, -435, -241,   74,  244
43,  476,  671, -447, -245,   97, -294
44,  478,  659, -451, -246,  106, -197
45,  483,  651, -454, -246,  115,  413
46,  491,  617, -464, -246,  146, -803
47,  493,  593, -468, -242,  170, -200
48,  488,  541, -468, -229,  223, -177
49,  484,  516, -466, -220,  252,  287
50,  477,  500, -464, -215,  267,  424
51,  447,  428, -440, -176,  342,  565
52,  436,  412, -434, -167,  355,  101
53,  427,  397, -426, -157,  370, -143
54,  395,  351, -398, -123,  412, -589
55,  384,  338, -387, -111,  425,-1082
56,  206,  167, -219,   56,  539, -229