0
1
2
3
4
5
6
7
8
9
10
11
12
13
14
15
16
17
18
19
20
21
22
23
24
25
26
30
31
32
37
40
47
51
53
60
65
74
83
87
88
93
96
101
102
109
115
123
128
129
135
137
142
145
149
152
155
156
160
164
165
167
171
173
174
180
189
191
195
199
201
205
207
209
214
216
221
223
228
230
235
238
242
244
249
251
256
258
263
265
270
272
277
284
291
298
305
312
319
326
333
340
347
354
361
368
375
382
389
396
403
410
417
424
431
438
445
452
459
466
473
480
487
494
501
508
515
522
529
536
543
551
558
565
572
579
586
593
600
607
614
620
627
634
641
648
655
662
669
676
683
690
697
704
711
718
