0
0
0
0
0
0
0
0
0
0
0
0
0
0
0
0
0
0
0
0
0
0
0
0
86
86
103
112
122
127
151
157
197
203
208
221
231
233
258
258
281
291
344
372
376
398
390
413
412
408
409
406
410
415
427
460
472
485
495
506
510
519
543
579
607
648
812
862
861
936
942
1008
1022
1074
1157
1199
1298
1350
1472
1519
1540
1553
1606
1667
1731
1760
1878
1919
1971
2047
2134
2155
2164
2292
2416
2597
2707
2775
2806
2871
2917
2975
3044
3108
3155
3219
3285
3389
3429
3492
3515
3548
3565
3584
3589
3597
3635
3641
3652
3670
3674
3718
3729
3748
3760
3783
3786
3784
3787
3786
3792
3792
3792
3792
3800
3805
3804
3800
3803
3806
3810
3805
3804
3804
3804
3804
3807
3804
3804
3804
3804
3804
3804
3804
3804
3804

