0
0
0
0
0
0
0
0
0
0
0
0
0
0
0
0
0
0
0
0
0
0
0
0
59
60
66
70
80
83
95
101
122
129
136
146
155
157
174
174
186
193
215
236
241
264
270
303
305
307
309
304
310
314
319
339
346
358
367
373
377
380
394
396
406
430
517
555
557
595
601
632
635
648
710
739
768
778
843
862
904
926
997
1018
1041
1054
1142
1166
1192
1214
1260
1312
1327
1428
1525
1607
1708
1781
1814
1876
1910
1944
1995
2057
2091
2129
2170
2224
2263
2314
2333
2346
2358
2377
2386
2392
2407
2420
2429
2437
2444
2473
2482
2499
2506
2512
2520
2522
2524
2524
2527
2529
2530
2530
2532
2533
2534
2534
2535
2535
2536
2536
2536
2536
2536
2536
2536
2536
2536
2536
2536
2536
2536
2536
2536
2536
